0.175 0.175
0.175 0.175
0.175 0.175
0.175 0.175
0.175 0.175
0.175 0.175
0.175 0.175
0.175 0.175
0.175 0.175
0.175 0.175
0.175 0.175
0.175 0.175
0.175 0.175
0.175 0.175
0.175 0.175
0.175 0.175
0.175 0.175
0.175 0.175
0.044 0.306
0.044 0.306
0.044 0.306
0.175 0.175
0.175 0.175
0.175 0.175
0.306 0.044
0.306 0.044
0.306 0.044
0.306 0.044
0.175 0.175
0.131 0.219
0.131 0.219
0.131 0.219
0.131 0.219
0.131 0.219
0.131 0.219
0.131 0.219
0.131 0.219
0.131 0.219
0.131 0.219
0.131 0.219
0.131 0.219
0.131 0.219
0.175 0.175
0.175 0.175
0.175 0.175
0.306 0.044
0.306 0.044
0.306 0.044
0.306 0.044
0.306 0.044
0.306 0.044
0.306 0.044
0.306 0.044
0.306 0.044
0.219 0.131
0.175 0.175
0.219 0.131
0.306 0.044
0.306 0.044
0.306 0.044
0.306 0.044
0.306 0.044
0.306 0.044
0.306 0.044
0.306 0.044
0.306 0.044
0.306 0.044
0.306 0.044
0.306 0.044
0.306 0.044
0.175 0.175
0.175 0.175
0.175 0.175
0.044 0.306
0.044 0.306
0.044 0.306
0.044 0.306
0.175 0.175
0.175 0.175
0.306 0.044
0.306 0.044
0.306 0.044
0.306 0.044
0.306 0.044
0.306 0.044
0.306 0.044
0.306 0.044
0.306 0.044
0.306 0.044
0.306 0.044
0.306 0.044
0.306 0.044
0.306 0.044
0.306 0.044
0.306 0.044
0.306 0.044
0.306 0.044
0.306 0.044
0.306 0.044
0.175 0.175
0.175 0.175
0.175 0.175
0.044 0.306
0.044 0.306
0.044 0.306
0.044 0.306
0.175 0.175
0.175 0.175
0.306 0.044
0.306 0.044
0.306 0.044
0.306 0.044
0.306 0.044
0.306 0.044
0.219 0.131
0.175 0.175
0.175 0.175
0.175 0.175
0.306 0.044
0.306 0.044
0.306 0.044
0.306 0.044
0.306 0.044
0.306 0.044
0.306 0.044
0.306 0.044
0.306 0.044
0.306 0.044
0.175 0.175
0.044 0.306
0.044 0.306
0.044 0.306
0.044 0.306
0.044 0.306
0.044 0.306
0.044 0.306
0.044 0.306
0.044 0.306
0.044 0.306
0.044 0.306
0.044 0.306
0.044 0.306
0.044 0.306
0.131 0.219
0.306 0.044
0.306 0.044
0.306 0.044
0.306 0.044
0.306 0.044
0.306 0.044
0.306 0.044
0.306 0.044
0.306 0.044
0.306 0.044
0.306 0.044
0.306 0.044
0.306 0.044
0.306 0.044
0.306 0.044
0.219 0.131
0.175 0.175
0.175 0.175
0.175 0.175
0.219 0.131
0.219 0.131
0.306 0.044
0.306 0.044
0.306 0.044
0.306 0.044
0.306 0.044
0.306 0.044
0.306 0.044
0.306 0.044
0.306 0.044
0.306 0.044
0.306 0.044
0.306 0.044
0.306 0.044
0.306 0.044
0.306 0.044
0.306 0.044
0.306 0.044
0.306 0.044
0.306 0.044
0.306 0.044
0.219 0.131
0.175 0.175
0.175 0.175
0.175 0.175
0.175 0.175
0.306 0.044
0.306 0.044
0.306 0.044
0.306 0.044
0.306 0.044
0.306 0.044
0.306 0.044
0.306 0.044
0.306 0.044
0.306 0.044
0.306 0.044
0.175 0.175
0.044 0.306
0.044 0.306
0.044 0.306
Stopping
0.306 0.044
